2065: [4 7 5]
2110: [6 3 7]
2067: [4 1 5]
2069: [1 4 2]
2075: [1 2 5]
2088: [4 1 5]
2090: [1 4 5]
2093: [4 1 9]
2115: [1 4 5]
2127: [4 9 8]
2070: [1 2 5]
2073: [2 5 1]
2080: [2 1 5]
2084: [1 5 2]
2091: [1 2 5]
2105: [1 2 4]
2050: [3 6 7]
2062: [3 6 8]
2066: [6 3 7]
2081: [7 4 3]
2086: [7 4 3]
2095: [3 6 7]
2098: [7 4 3]
2100: [3 6 7]
2101: [3 6 7]
2102: [3 6 7]
2103: [3 6 7]
2107: [3 6 7]
2109: [6 3 7]
2114: [6 3 7]
2118: [6 7 3]
2119: [3 6 7]
2126: [3 6 8]
2054: [7 4 5]
2057: [4 1 9]
2060: [4 1 5]
2061: [7 4 5]
2063: [4 1 9]
2064: [7 3 6]
2076: [6 3 5]
2078: [4 1 9]
2079: [4 8 9]
2082: [5 4 7]
2083: [7 3 6]
2089: [4 8 9]
2092: [4 8 9]
2096: [2 5 6]
2097: [8 9 4]
2111: [7 6 5]
2112: [7 4 5]
2117: [4 8 9]
2123: [6 3 5]
2128: [5 4 7]
2049: [4 7 1]
2051: [4 1 5]
2053: [4 1 9]
2055: [4 5 1]
2056: [4 8 9]
2068: [4 1 5]
2071: [4 8 9]
2072: [6 3 5]
2077: [5 2 6]
2085: [6 5 3]
2087: [6 3 5]
2099: [4 8 9]
2104: [5 2 6]
2106: [5 2 6]
2108: [6 3 5]
2113: [1 4 5]
2116: [5 4 1]
2120: [5 6 3]
2121: [5 1 4]
2122: [5 4 1]
2124: [6 3 7]
2125: [6 3 5]
2129: [5 6 2]
2052: [7 6 3]
2059: [3 6 7]
2074: [3 6 0]
2094: [3 6 7]
2058: [4 9 5]
